2023_06_26 0 266162 37936
2023_06_19 0 200983 26816
2023_08_10 0 177301 23650
2023_07_03 0 137214 17213
2023_07_03 1 189136 25236
2023_12_20 4 27398 4574
2023_12_20 3 26599 4440
2023_12_20 0 48308 8062
2023_12_20 2 23296 3889
2023_12_20 1 24778 4135
2023_07_30 0 98270 13055
2023_07_30 1 139141 18504
2023_07_02 0 121718 15814
2023_07_02 1 114352 14619
2023_07_06 0 197970 26337
2023_07_06 1 140894 18768
2023_06_25 0 256858 31742
2023_06_07 0 0 23541
2023_07_05 0 143430 18657
2023_07_05 1 205716 27389
2023_06_14 0 0 0
2023_06_27 0 209758 27959
2023_07_28 4 157729 24958
2023_07_28 6 72345 16036
2023_07_28 5 112306 14211
2023_07_28 3 37245 2862
2023_07_28 0 109879 7711
2023_07_28 2 82975 15742
2023_07_28 1 35154 501
2023_03_11 0 75478 10043
2023_06_28 0 204754 27207
2023_06_22 0 168652 22442
2023_08_09 4 124467 16440
2023_08_09 5 41502 6448
2023_08_09 3 43417 5795
2023_08_09 0 30622 4084
2023_08_09 2 10285 1375
2023_08_09 1 15621 2089
2023_06_21 0 185608 24732
2023_07_11 0 148674 19805
2023_07_11 1 157359 20998
2023_06_03 0 0 20813
2023_07_17 0 147310 19623
2023_07_17 1 143677 21134
2023_03_27 10 11143 0
2023_03_27 4 7532 0
2023_03_27 11 35311 0
2023_03_27 6 46373 0
2023_03_27 5 22050 0
2023_03_27 7 11187 0
2023_03_27 3 12794 0
2023_03_27 12 33531 0
2023_03_27 8 34436 0
2023_03_27 13 105561 0
2023_03_27 0 71435 21516
2023_03_27 2 50451 0
2023_03_27 9 33015 0
2023_03_27 1 49275 0
2023_07_13 0 170664 22740
2023_07_13 1 207554 27506
2023_12_18 0 42120 9368
2023_06_24 0 267408 35674
2023_06_16 0 1012 0
2023_06_16 1 40360 26912
2023_07_16 0 172262 23315
2023_07_16 1 96165 14034
2023_07_01 0 129536 18461
2023_07_01 1 199208 26031
2023_03_28 0 41992 5606
2023_03_28 2 19310 2580
2023_03_28 1 14982 2002
2023_08_20 18 7654 1016
2023_08_20 10 6121 820
2023_08_20 16 10345 1384
2023_08_20 4 8177 1094
2023_08_20 11 16133 2143
2023_08_20 6 15619 2087
2023_08_20 5 6649 890
2023_08_20 7 12761 1704
2023_08_20 3 7808 1045
2023_08_20 15 13158 1759
2023_08_20 12 6550 878
2023_08_20 8 17407 2326
2023_08_20 13 17178 2295
2023_08_20 17 9517 1273
2023_08_20 0 4164 556
2023_08_20 2 7249 970
2023_08_20 9 12759 1647
2023_08_20 14 8663 1158
2023_08_20 1 10114 1352
2024_03_16 0 169754 22619
2024_03_16 1 6560 880
2023_07_14 0 180324 24057
2023_07_14 1 140952 18707
2023_08_08 0 130993 17477
2023_03_30 10 10897 1455
2023_03_30 4 26428 3530
2023_03_30 11 75111 10021
2023_03_30 6 14075 1878
2023_03_30 5 6777 908
2023_03_30 7 11286 1508
2023_03_30 3 1867 253
2023_03_30 8 10386 1389
2023_03_30 0 7405 991
2023_03_30 2 2792 378
2023_03_30 9 15163 2027
2023_03_30 1 4749 638
2023_07_31 0 100614 13387
2023_07_31 1 146359 19602
2023_08_05 0 204928 27343
2023_08_07 0 226317 30129
2023_03_29 4 11299 1510
2023_03_29 6 7277 975
2023_03_29 5 12336 1650
2023_03_29 7 19209 2566
2023_03_29 3 9432 1262
2023_03_29 0 18481 2469
2023_03_29 2 30604 4084
2023_03_29 1 25757 3439
2023_07_15 0 199365 26361
2023_07_15 1 90481 12016
2023_06_18 3 134238 22356
2023_06_18 0 656 0
2023_06_18 2 37930 59
2023_06_18 1 1632 0
2023_06_20 0 223404 29645
2023_12_24 4 41336 5457
2023_12_24 6 25820 3447
2023_12_24 5 66629 8862
2023_12_24 7 13753 1838
2023_12_24 3 40324 5385
2023_12_24 8 8104 1084
2023_12_24 0 32990 4405
2023_12_24 2 15215 2033
2023_12_24 9 87339 11654
2023_12_24 1 34696 4633
