0.001896,0.000045,0.000529,-0.000005,0.000059,-0.000003,1679942779.394579887.pcd
0.007460,-0.000004,-0.002677,-0.000012,-0.004105,-0.000005,1679942779.494652748.pcd
0.013024,-0.000053,-0.005884,-0.000019,-0.008270,-0.000008,1679942779.594738960.pcd
0.018588,-0.000103,-0.009090,-0.000026,-0.012434,-0.000010,1679942779.694824219.pcd
0.024152,-0.000152,-0.012296,-0.000033,-0.016598,-0.000012,1679942779.794911861.pcd
0.029716,-0.000201,-0.015503,-0.000039,-0.020763,-0.000015,1679942779.894997835.pcd
0.035280,-0.000250,-0.018709,-0.000046,-0.024927,-0.000017,1679942779.995075703.pcd
0.040844,-0.000300,-0.021915,-0.000053,-0.029092,-0.000019,1679942780.095171452.pcd
0.046408,-0.000349,-0.025122,-0.000060,-0.033256,-0.000022,1679942780.195250511.pcd
0.051972,-0.000398,-0.028328,-0.000067,-0.037420,-0.000024,1679942780.295345783.pcd
0.057536,-0.000447,-0.031534,-0.000074,-0.041585,-0.000026,1679942780.395426273.pcd
0.063100,-0.000497,-0.034741,-0.000081,-0.045749,-0.000029,1679942780.495509624.pcd
0.068664,-0.000546,-0.037947,-0.000088,-0.049913,-0.000031,1679942780.595589399.pcd
0.074228,-0.000595,-0.041153,-0.000095,-0.054078,-0.000033,1679942780.695680618.pcd
0.079792,-0.000644,-0.044360,-0.000101,-0.058242,-0.000036,1679942780.795762539.pcd
0.085356,-0.000694,-0.047566,-0.000108,-0.062407,-0.000038,1679942780.895853996.pcd
0.090920,-0.000743,-0.050772,-0.000115,-0.066571,-0.000040,1679942780.995928764.pcd
0.096483,-0.000792,-0.053979,-0.000122,-0.070735,-0.000043,1679942781.096002102.pcd
0.102047,-0.000841,-0.057185,-0.000129,-0.074900,-0.000045,1679942781.196108818.pcd
0.107611,-0.000891,-0.060392,-0.000136,-0.079064,-0.000047,1679942781.296169281.pcd
0.113175,-0.000940,-0.063598,-0.000143,-0.083229,-0.000050,1679942781.396272182.pcd
0.118739,-0.000989,-0.066804,-0.000150,-0.087393,-0.000052,1679942781.496359587.pcd
0.124303,-0.001038,-0.070011,-0.000157,-0.091557,-0.000054,1679942781.596430779.pcd
0.129867,-0.001088,-0.073217,-0.000163,-0.095722,-0.000057,1679942781.696509361.pcd
0.135431,-0.001137,-0.076423,-0.000170,-0.099886,-0.000059,1679942781.796596289.pcd
0.140995,-0.001186,-0.079630,-0.000177,-0.104050,-0.000061,1679942781.896680832.pcd
0.146559,-0.001235,-0.082836,-0.000184,-0.108215,-0.000064,1679942781.996778488.pcd
0.152123,-0.001285,-0.086042,-0.000191,-0.112379,-0.000066,1679942782.096856594.pcd
0.157687,-0.001334,-0.089249,-0.000198,-0.116543,-0.000068,1679942782.196941376.pcd
0.163251,-0.001383,-0.092455,-0.000205,-0.120708,-0.000071,1679942782.297020435.pcd
0.168815,-0.001432,-0.095661,-0.000212,-0.124872,-0.000073,1679942782.397104740.pcd
0.174379,-0.001482,-0.098868,-0.000219,-0.129037,-0.000075,1679942782.497184753.pcd
0.179943,-0.001531,-0.102074,-0.000226,-0.133201,-0.000077,1679942782.597267866.pcd
0.185507,-0.001580,-0.105280,-0.000232,-0.137365,-0.000080,1679942782.697366238.pcd
0.191071,-0.001629,-0.108487,-0.000239,-0.141530,-0.000082,1679942782.797457218.pcd
0.196635,-0.001679,-0.111693,-0.000246,-0.145694,-0.000084,1679942782.897521019.pcd
0.202199,-0.001728,-0.114899,-0.000253,-0.149859,-0.000087,1679942782.997612476.pcd
0.207763,-0.001777,-0.118106,-0.000260,-0.154023,-0.000089,1679942783.097697258.pcd
0.213327,-0.001826,-0.121312,-0.000267,-0.158187,-0.000091,1679942783.197783709.pcd
0.218891,-0.001876,-0.124518,-0.000274,-0.162352,-0.000094,1679942783.297870159.pcd
0.224455,-0.001925,-0.127725,-0.000281,-0.166516,-0.000096,1679942783.397949219.pcd
0.230019,-0.001974,-0.130931,-0.000288,-0.170680,-0.000098,1679942783.498044014.pcd
0.235583,-0.002024,-0.134137,-0.000294,-0.174845,-0.000101,1679942783.598113537.pcd
0.241147,-0.002073,-0.137344,-0.000301,-0.179009,-0.000103,1679942783.698202372.pcd
0.246711,-0.002122,-0.140550,-0.000308,-0.183174,-0.000105,1679942783.798317909.pcd
0.252275,-0.002171,-0.143756,-0.000315,-0.187338,-0.000108,1679942783.898380756.pcd
0.257839,-0.002220,-0.146963,-0.000322,-0.191502,-0.000110,1679942783.998461246.pcd
0.263403,-0.002270,-0.150169,-0.000329,-0.195667,-0.000112,1679942784.098538399.pcd
0.268966,-0.002319,-0.153375,-0.000336,-0.199831,-0.000115,1679942784.198637486.pcd
0.274530,-0.002368,-0.156582,-0.000343,-0.203995,-0.000117,1679942784.298712015.pcd
0.280094,-0.002417,-0.159788,-0.000350,-0.208160,-0.000119,1679942784.398794174.pcd
0.285658,-0.002467,-0.162995,-0.000356,-0.212324,-0.000122,1679942784.498878241.pcd
0.291222,-0.002516,-0.166201,-0.000363,-0.216489,-0.000124,1679942784.599014282.pcd
0.296786,-0.002565,-0.169407,-0.000370,-0.220653,-0.000126,1679942784.699059486.pcd
0.302350,-0.002615,-0.172614,-0.000377,-0.224817,-0.000129,1679942784.799145699.pcd
0.307914,-0.002664,-0.175820,-0.000384,-0.228982,-0.000131,1679942784.899216413.pcd
0.313478,-0.002713,-0.179026,-0.000391,-0.233146,-0.000133,1679942784.999300003.pcd
0.319042,-0.002762,-0.182233,-0.000398,-0.237310,-0.000136,1679942785.099401474.pcd
0.324606,-0.002812,-0.185439,-0.000405,-0.241475,-0.000138,1679942785.199475288.pcd
0.330170,-0.002861,-0.188645,-0.000412,-0.245639,-0.000140,1679942785.299556732.pcd
0.335734,-0.002910,-0.191852,-0.000418,-0.249804,-0.000143,1679942785.399652481.pcd
0.341298,-0.002959,-0.195058,-0.000425,-0.253968,-0.000145,1679942785.499727726.pcd
0.346862,-0.003008,-0.198264,-0.000432,-0.258132,-0.000147,1679942785.599818230.pcd
0.352426,-0.003058,-0.201471,-0.000439,-0.262297,-0.000150,1679942785.699905396.pcd
0.357990,-0.003107,-0.204677,-0.000446,-0.266461,-0.000152,1679942785.799983263.pcd
0.366163,-0.001580,-0.155200,-0.000335,-0.302380,-0.000071,1679942785.900090456.pcd
0.374337,-0.000052,-0.105722,-0.000224,-0.338300,0.000011,1679942786.000158310.pcd
0.382510,0.001475,-0.056245,-0.000114,-0.374220,0.000092,1679942786.100247383.pcd
0.390684,0.003003,-0.006767,-0.000003,-0.410139,0.000174,1679942786.200313568.pcd
0.398857,0.004530,0.042710,0.000108,-0.446059,0.000255,1679942786.300416946.pcd
0.407031,0.006058,0.092187,0.000218,-0.481978,0.000337,1679942786.400480747.pcd
0.415204,0.007586,0.141665,0.000329,-0.517898,0.000419,1679942786.500571728.pcd
0.423378,0.009113,0.191142,0.000440,-0.553817,0.000500,1679942786.600655079.pcd
0.460622,0.009528,0.219659,0.000460,-0.545766,0.000445,1679942786.700760365.pcd
0.497865,0.009944,0.248176,0.000480,-0.537715,0.000389,1679942786.800817013.pcd
0.535109,0.010359,0.276694,0.000500,-0.529664,0.000334,1679942786.900903225.pcd
0.572353,0.010774,0.305211,0.000521,-0.521613,0.000278,1679942787.000996828.pcd
0.609597,0.011190,0.333728,0.000541,-0.513563,0.000222,1679942787.101075649.pcd
0.646841,0.011605,0.362245,0.000561,-0.505512,0.000167,1679942787.201155663.pcd
0.684084,0.012021,0.390763,0.000581,-0.497461,0.000111,1679942787.301251888.pcd
0.721328,0.012436,0.419280,0.000601,-0.489410,0.000056,1679942787.401335239.pcd
0.786954,0.012570,0.473128,0.000294,-0.484321,0.000149,1679942787.501428366.pcd
0.852580,0.012705,0.526976,-0.000014,-0.479233,0.000242,1679942787.601494551.pcd
0.918206,0.012840,0.580824,-0.000321,-0.474144,0.000335,1679942787.701580048.pcd
0.983832,0.012974,0.634672,-0.000628,-0.469055,0.000428,1679942787.801671505.pcd
1.053331,0.022743,0.679891,-0.000730,-0.463332,0.000798,1679942787.901743412.pcd
1.122831,0.032512,0.725110,-0.000832,-0.457608,0.001168,1679942788.001845837.pcd
1.192330,0.042281,0.770330,-0.000935,-0.451885,0.001538,1679942788.101921320.pcd
1.261829,0.052050,0.815549,-0.001037,-0.446162,0.001908,1679942788.202008247.pcd
1.306702,0.050831,0.846675,-0.001114,-0.447480,0.001861,1679942788.302091122.pcd
1.351574,0.049613,0.877800,-0.001190,-0.448799,0.001814,1679942788.402178049.pcd
1.396447,0.048394,0.908926,-0.001267,-0.450117,0.001767,1679942788.502265930.pcd
1.441319,0.047175,0.940052,-0.001344,-0.451435,0.001721,1679942788.602343082.pcd
1.486191,0.045957,0.971177,-0.001420,-0.452754,0.001674,1679942788.702440739.pcd
1.531064,0.044738,1.002303,-0.001497,-0.454072,0.001627,1679942788.802525520.pcd
1.572497,0.048157,1.035444,-0.001407,-0.467210,0.001599,1679942788.902611732.pcd
1.613930,0.051576,1.068584,-0.001318,-0.480348,0.001571,1679942789.002679825.pcd
1.655363,0.054995,1.101725,-0.001228,-0.493486,0.001544,1679942789.102782726.pcd
1.696796,0.058414,1.134866,-0.001138,-0.506625,0.001516,1679942789.202859879.pcd
1.738229,0.061833,1.168006,-0.001049,-0.519763,0.001488,1679942789.302933455.pcd
1.779662,0.065252,1.201147,-0.000959,-0.532901,0.001460,1679942789.403024197.pcd
1.805755,0.064557,1.212956,-0.000783,-0.589274,0.001442,1679942789.503107071.pcd
1.831848,0.063863,1.224765,-0.000607,-0.645648,0.001425,1679942789.603197098.pcd
1.857942,0.063168,1.236575,-0.000430,-0.702021,0.001407,1679942789.703276634.pcd
1.884035,0.062474,1.248384,-0.000254,-0.758394,0.001389,1679942789.803359032.pcd
1.910128,0.061779,1.260193,-0.000078,-0.814768,0.001372,1679942789.903463602.pcd
1.936221,0.061085,1.272002,0.000098,-0.871141,0.001354,1679942790.003534317.pcd
1.962314,0.060390,1.283811,0.000274,-0.927515,0.001336,1679942790.103625536.pcd
1.988408,0.059695,1.295621,0.000451,-0.983888,0.001319,1679942790.203699112.pcd
2.014501,0.059001,1.307430,0.000627,-1.040261,0.001301,1679942790.303777218.pcd
2.040594,0.058306,1.319239,0.000803,-1.096635,0.001283,1679942790.403874874.pcd
2.066687,0.057612,1.331048,0.000979,-1.153008,0.001265,1679942790.503994226.pcd
2.092780,0.056917,1.342857,0.001155,-1.209381,0.001248,1679942790.604037046.pcd
2.118873,0.056223,1.354666,0.001331,-1.265755,0.001230,1679942790.704125643.pcd
2.144967,0.055528,1.366476,0.001508,-1.322128,0.001212,1679942790.804198980.pcd
2.171060,0.054834,1.378285,0.001684,-1.378502,0.001195,1679942790.904282093.pcd
2.197153,0.054139,1.390094,0.001860,-1.434875,0.001177,1679942791.004378080.pcd
2.180748,0.053968,1.428123,0.002026,-1.538059,0.000936,1679942791.104448795.pcd
2.164344,0.053796,1.466151,0.002193,-1.641244,0.000694,1679942791.204555988.pcd
2.147939,0.053624,1.504180,0.002359,-1.744428,0.000453,1679942791.304623127.pcd
2.131535,0.053453,1.542208,0.002525,-1.847612,0.000212,1679942791.404708624.pcd
2.115131,0.053282,1.580237,0.002691,-1.950797,-0.000029,1679942791.504794121.pcd
2.098726,0.053110,1.618266,0.002858,-2.053981,-0.000271,1679942791.604887009.pcd
2.082321,0.052938,1.656294,0.003024,-2.157165,-0.000512,1679942791.704965591.pcd
2.065917,0.052767,1.694323,0.003190,-2.260349,-0.000753,1679942791.805043936.pcd
2.049512,0.052596,1.732351,0.003357,-2.363534,-0.000995,1679942791.905130386.pcd
2.033108,0.052424,1.770380,0.003523,-2.466718,-0.001236,1679942792.005225897.pcd
2.018463,0.056384,1.777880,0.004473,-2.478487,-0.001974,1679942792.105514288.pcd
2.003819,0.060343,1.785380,0.005424,-2.490255,-0.002712,1679942792.205375671.pcd
1.989174,0.064303,1.792880,0.006374,-2.502024,-0.003450,1679942792.305468559.pcd
1.974529,0.068262,1.800380,0.007324,-2.513793,-0.004188,1679942792.405561447.pcd
1.959884,0.072222,1.807880,0.008274,-2.525561,-0.004925,1679942792.505646229.pcd
1.945240,0.076181,1.815380,0.009225,-2.537330,-0.005663,1679942792.605723858.pcd
1.930595,0.080141,1.822880,0.010175,-2.549099,-0.006401,1679942792.705817699.pcd
1.915950,0.084100,1.830380,0.011125,-2.560867,-0.007139,1679942792.805900097.pcd
1.901305,0.088060,1.837880,0.012075,-2.572636,-0.007877,1679942792.905984879.pcd
1.886661,0.092020,1.845380,0.013026,-2.584405,-0.008615,1679942793.006074429.pcd
1.872016,0.095979,1.852880,0.013976,-2.596173,-0.009353,1679942793.106144905.pcd
1.857371,0.099939,1.860380,0.014926,-2.607942,-0.010091,1679942793.206236362.pcd
1.842727,0.103898,1.867880,0.015877,-2.619711,-0.010829,1679942793.306329489.pcd
1.828082,0.107858,1.875380,0.016827,-2.631479,-0.011566,1679942793.406397820.pcd
1.813437,0.111817,1.882880,0.017777,-2.643248,-0.012304,1679942793.506475210.pcd
1.798792,0.115777,1.890380,0.018727,-2.655017,-0.013042,1679942793.606580734.pcd
1.784148,0.119736,1.897880,0.019678,-2.666785,-0.013780,1679942793.706658363.pcd
1.769503,0.123696,1.905380,0.020628,-2.678554,-0.014518,1679942793.806739092.pcd
1.719237,0.107952,1.935466,0.021400,-2.620009,-0.013495,1679942793.906818867.pcd
1.668971,0.092208,1.965552,0.022171,-2.561465,-0.012473,1679942794.006905317.pcd
1.618706,0.076464,1.995638,0.022943,-2.502920,-0.011450,1679942794.106981993.pcd
1.568440,0.060719,2.025724,0.023715,-2.444375,-0.010427,1679942794.207081556.pcd
1.518174,0.044975,2.055810,0.024486,-2.385831,-0.009405,1679942794.307163239.pcd
1.467908,0.029231,2.085896,0.025258,-2.327286,-0.008382,1679942794.407238960.pcd
1.431612,0.035165,2.137358,0.025108,-2.222508,-0.005323,1679942794.507340193.pcd
1.395315,0.041100,2.188820,0.024959,-2.117730,-0.002264,1679942794.607416153.pcd
1.359019,0.047034,2.240283,0.024810,-2.012952,0.000795,1679942794.707499504.pcd
1.322723,0.052968,2.291745,0.024660,-1.908175,0.003853,1679942794.807574034.pcd
1.286426,0.058903,2.343207,0.024510,-1.803397,0.006912,1679942794.907689095.pcd
1.250130,0.064837,2.394669,0.024361,-1.698619,0.009971,1679942795.007747173.pcd
1.220333,0.063400,2.441372,0.022718,-1.612330,0.011795,1679942795.107825279.pcd
1.190536,0.061962,2.488074,0.021076,-1.526041,0.013620,1679942795.207918167.pcd
1.160739,0.060525,2.534776,0.019433,-1.439752,0.015444,1679942795.308002949.pcd
1.130942,0.059088,2.581479,0.017791,-1.353462,0.017268,1679942795.408099174.pcd
1.101145,0.057650,2.628182,0.016148,-1.267173,0.019093,1679942795.508182049.pcd
1.071348,0.056213,2.674884,0.014506,-1.180884,0.020917,1679942795.608264923.pcd
1.084653,0.056695,2.712031,0.012371,-1.101730,0.021442,1679942795.708339691.pcd
1.097957,0.057177,2.749177,0.010236,-1.022576,0.021968,1679942795.808439732.pcd
1.111262,0.057659,2.786323,0.008101,-0.943421,0.022493,1679942795.908536911.pcd
1.124567,0.058141,2.823470,0.005966,-0.864267,0.023019,1679942796.008592129.pcd
1.137872,0.058624,2.860616,0.003832,-0.785113,0.023544,1679942796.108698368.pcd
1.151177,0.059106,2.897763,0.001697,-0.705958,0.024069,1679942796.208762169.pcd
1.164481,0.059588,2.934909,-0.000438,-0.626804,0.024595,1679942796.308840513.pcd
1.177786,0.060070,2.972056,-0.002573,-0.547650,0.025120,1679942796.408939123.pcd
1.213713,0.063566,3.010886,-0.003798,-0.516323,0.024864,1679942796.509010792.pcd
1.249639,0.067063,3.049716,-0.005024,-0.484995,0.024608,1679942796.609101772.pcd
1.285566,0.070559,3.088546,-0.006249,-0.453668,0.024352,1679942796.709191799.pcd
1.321492,0.074055,3.127376,-0.007474,-0.422341,0.024096,1679942796.809271336.pcd
1.357419,0.077552,3.166206,-0.008700,-0.391013,0.023840,1679942796.909357071.pcd
1.393345,0.081048,3.205036,-0.009925,-0.359686,0.023584,1679942797.009451389.pcd
1.449901,0.092682,3.221829,-0.010274,-0.348295,0.023202,1679942797.109518051.pcd
1.506457,0.104315,3.238622,-0.010624,-0.336905,0.022820,1679942797.209609747.pcd
1.563013,0.115949,3.255415,-0.010974,-0.325515,0.022437,1679942797.309689999.pcd
1.619570,0.127583,3.272209,-0.011323,-0.314124,0.022055,1679942797.409774542.pcd
1.676126,0.139216,3.289002,-0.011672,-0.302733,0.021673,1679942797.509876728.pcd
1.732682,0.150850,3.305795,-0.012022,-0.291343,0.021291,1679942797.609940052.pcd
1.782653,0.148873,3.330734,-0.012569,-0.293626,0.021057,1679942797.710034609.pcd
1.832625,0.146896,3.355672,-0.013116,-0.295908,0.020822,1679942797.810121059.pcd
1.882596,0.144920,3.380611,-0.013663,-0.298191,0.020588,1679942797.910193920.pcd
1.932567,0.142943,3.405550,-0.014209,-0.300473,0.020354,1679942798.010288715.pcd
1.982539,0.140966,3.430488,-0.014756,-0.302755,0.020119,1679942798.110378742.pcd
2.032510,0.138989,3.455427,-0.015303,-0.305038,0.019885,1679942798.210475445.pcd
2.080840,0.138076,3.480685,-0.014957,-0.307845,0.019926,1679942798.310564518.pcd
2.129170,0.137163,3.505943,-0.014612,-0.310652,0.019967,1679942798.410629272.pcd
2.177500,0.136249,3.531200,-0.014266,-0.313458,0.020008,1679942798.510708332.pcd
2.225830,0.135336,3.556458,-0.013920,-0.316265,0.020049,1679942798.610793829.pcd
2.274160,0.134423,3.581716,-0.013575,-0.319072,0.020090,1679942798.710870981.pcd
2.322490,0.133510,3.606974,-0.013229,-0.321879,0.020131,1679942798.810960770.pcd
2.401692,0.141944,3.649698,-0.012677,-0.328824,0.020267,1679942798.911043644.pcd
2.480893,0.150378,3.692422,-0.012126,-0.335768,0.020403,1679942799.011133194.pcd
2.560094,0.158812,3.735146,-0.011574,-0.342712,0.020540,1679942799.111219406.pcd
2.639296,0.167246,3.777870,-0.011023,-0.349657,0.020676,1679942799.211308479.pcd
2.705657,0.168106,3.817736,-0.010712,-0.365415,0.021043,1679942799.311409473.pcd
2.772019,0.168966,3.857602,-0.010401,-0.381174,0.021410,1679942799.411478996.pcd
2.838380,0.169826,3.897468,-0.010090,-0.396932,0.021777,1679942799.511563063.pcd
2.904741,0.170687,3.937334,-0.009780,-0.412690,0.022145,1679942799.611634016.pcd
2.971103,0.171547,3.977200,-0.009469,-0.428449,0.022512,1679942799.711728334.pcd
3.037464,0.172407,4.017066,-0.009158,-0.444207,0.022879,1679942799.811807632.pcd
3.099601,0.177569,4.061372,-0.009154,-0.458925,0.023001,1679942799.911926270.pcd
3.161737,0.182731,4.105678,-0.009149,-0.473643,0.023122,1679942800.011974335.pcd
3.223873,0.187894,4.149985,-0.009145,-0.488361,0.023244,1679942800.112056255.pcd
3.286010,0.193056,4.194291,-0.009141,-0.503079,0.023365,1679942800.212150097.pcd
3.332887,0.189840,4.225232,-0.009309,-0.490630,0.023306,1679942800.312245846.pcd
3.379764,0.186624,4.256173,-0.009477,-0.478181,0.023247,1679942800.412315369.pcd
3.426641,0.183408,4.287114,-0.009645,-0.465732,0.023189,1679942800.512911558.pcd
3.473518,0.180191,4.318054,-0.009813,-0.453282,0.023130,1679942800.612482071.pcd
3.520395,0.176975,4.348995,-0.009981,-0.440833,0.023071,1679942800.712568283.pcd
3.567272,0.173759,4.379936,-0.010149,-0.428384,0.023012,1679942800.812654972.pcd
3.616814,0.181897,4.416832,-0.010398,-0.412086,0.022949,1679942800.912737370.pcd
3.666356,0.190036,4.453728,-0.010646,-0.395788,0.022886,1679942801.012832642.pcd
3.715898,0.198174,4.490623,-0.010895,-0.379490,0.022823,1679942801.112910748.pcd
3.765439,0.206312,4.527519,-0.011144,-0.363191,0.022760,1679942801.212984562.pcd
3.814981,0.214451,4.564415,-0.011392,-0.346893,0.022697,1679942801.313070774.pcd
3.864523,0.222589,4.601311,-0.011641,-0.330595,0.022634,1679942801.413167000.pcd
3.914553,0.223203,4.624388,-0.012436,-0.300269,0.022321,1679942801.513241768.pcd
3.964582,0.223817,4.647464,-0.013231,-0.269943,0.022008,1679942801.613329411.pcd
4.014612,0.224431,4.670540,-0.014027,-0.239617,0.021694,1679942801.713415623.pcd
4.064642,0.225045,4.693617,-0.014822,-0.209290,0.021381,1679942801.813505173.pcd
4.114671,0.225659,4.716693,-0.015617,-0.178964,0.021068,1679942801.913593292.pcd
4.164701,0.226273,4.739770,-0.016412,-0.148638,0.020755,1679942802.013665676.pcd
4.183609,0.192645,4.745641,-0.014108,-0.246668,0.021503,1679942802.113751888.pcd
4.202517,0.159018,4.751513,-0.011803,-0.344699,0.022252,1679942802.213853598.pcd
4.221425,0.125390,4.757384,-0.009498,-0.442729,0.023000,1679942802.313914537.pcd
4.240334,0.091762,4.763255,-0.007194,-0.540760,0.023748,1679942802.414010048.pcd
4.259242,0.058135,4.769126,-0.004889,-0.638791,0.024497,1679942802.514095545.pcd
4.278150,0.024507,4.774997,-0.002585,-0.736821,0.025245,1679942802.614184380.pcd
4.297058,-0.009120,4.780869,-0.000280,-0.834851,0.025994,1679942802.714251995.pcd
4.315966,-0.042748,4.786740,0.002024,-0.932882,0.026742,1679942802.814338684.pcd
4.368283,-0.047682,4.840389,0.004881,-1.016050,0.025366,1679942802.914457798.pcd
4.420600,-0.052615,4.894037,0.007738,-1.099218,0.023990,1679942803.014501333.pcd
4.472917,-0.057549,4.947686,0.010595,-1.182386,0.022614,1679942803.114615440.pcd
4.525234,-0.062483,5.001335,0.013452,-1.265554,0.021238,1679942803.214679718.pcd
4.577552,-0.067417,5.054983,0.016309,-1.348723,0.019862,1679942803.314761162.pcd
4.629869,-0.072350,5.108632,0.019166,-1.431891,0.018486,1679942803.414854527.pcd
4.682186,-0.077284,5.162280,0.022023,-1.515059,0.017110,1679942803.514957666.pcd
4.734503,-0.082218,5.215929,0.024880,-1.598227,0.015734,1679942803.615051746.pcd
4.702032,-0.077724,5.261617,0.023765,-1.542080,0.017126,1679942803.715100527.pcd
4.669561,-0.073229,5.307304,0.022649,-1.485933,0.018519,1679942803.815191507.pcd
4.637091,-0.068735,5.352992,0.021533,-1.429787,0.019911,1679942803.915261745.pcd
4.604620,-0.064240,5.398680,0.020418,-1.373640,0.021303,1679942804.015357494.pcd
4.572149,-0.059746,5.444367,0.019302,-1.317493,0.022696,1679942804.115473270.pcd
4.539678,-0.055251,5.490055,0.018187,-1.261346,0.024088,1679942804.215523958.pcd
4.528717,-0.055378,5.520661,0.018881,-1.317678,0.022663,1679942804.315628529.pcd
4.517757,-0.055505,5.551267,0.019576,-1.374011,0.021237,1679942804.415694714.pcd
4.506796,-0.055632,5.581873,0.020270,-1.430343,0.019812,1679942804.515785217.pcd
4.495836,-0.055759,5.612479,0.020965,-1.486675,0.018386,1679942804.615875959.pcd
4.484875,-0.055886,5.643085,0.021659,-1.543008,0.016961,1679942804.715951681.pcd
4.473915,-0.056012,5.673690,0.022353,-1.599340,0.015535,1679942804.816026211.pcd
4.462954,-0.056139,5.704296,0.023048,-1.655672,0.014110,1679942804.916137218.pcd
4.451993,-0.056266,5.734902,0.023742,-1.712005,0.012685,1679942805.016201496.pcd
4.441033,-0.056393,5.765508,0.024437,-1.768337,0.011259,1679942805.116302729.pcd
4.430072,-0.056520,5.796114,0.025131,-1.824669,0.009834,1679942805.216361523.pcd
4.419112,-0.056647,5.826720,0.025826,-1.881002,0.008408,1679942805.316451550.pcd
4.408151,-0.056774,5.857326,0.026520,-1.937334,0.006983,1679942805.416542530.pcd
4.410247,-0.049353,6.021121,0.026732,-2.029257,0.003843,1679942805.516616821.pcd
4.412343,-0.041933,6.184915,0.026945,-2.121180,0.000704,1679942805.616718292.pcd
4.374895,-0.044115,6.192817,0.026836,-2.222663,-0.001066,1679942805.716795444.pcd
4.337448,-0.046298,6.200719,0.026728,-2.324146,-0.002836,1679942805.816884279.pcd
4.300000,-0.048480,6.208621,0.026619,-2.425629,-0.004606,1679942805.916959763.pcd
4.262553,-0.050662,6.216523,0.026511,-2.527112,-0.006376,1679942806.017049313.pcd
4.225105,-0.052844,6.224425,0.026402,-2.628595,-0.008146,1679942806.117143631.pcd
4.187657,-0.055027,6.232327,0.026293,-2.730079,-0.009916,1679942806.217211008.pcd
4.150210,-0.057209,6.240229,0.026185,-2.831562,-0.011686,1679942806.317307949.pcd
4.112762,-0.059391,6.248131,0.026076,-2.933045,-0.013456,1679942806.417380571.pcd
4.075315,-0.061574,6.256033,0.025968,-3.034528,-0.015226,1679942806.517470360.pcd
4.037867,-0.063756,6.263935,0.025859,-3.136011,-0.016996,1679942806.617555141.pcd
3.987887,-0.058389,6.251722,0.027322,-2.377953,-0.019732,1679942806.717635632.pcd
3.937906,-0.053023,6.239510,0.028785,-1.619894,-0.022468,1679942806.817731857.pcd
3.887925,-0.047656,6.227298,0.030248,-0.861835,-0.025203,1679942806.917804956.pcd
3.837945,-0.042290,6.215085,0.031712,-0.103777,-0.027939,1679942807.017899036.pcd
3.787965,-0.036923,6.202872,0.033175,0.654281,-0.030675,1679942807.117979050.pcd
3.737984,-0.031557,6.190660,0.034638,1.412340,-0.033411,1679942807.218052149.pcd
3.688003,-0.026190,6.178448,0.036101,2.170398,-0.036146,1679942807.318133831.pcd
3.638023,-0.020824,6.166235,0.037564,2.928457,-0.038882,1679942807.418225288.pcd
3.558417,-0.043366,6.100879,0.035328,2.899562,-0.040527,1679942807.518340111.pcd
3.478811,-0.065907,6.035522,0.033092,2.870667,-0.042173,1679942807.618395567.pcd
3.399206,-0.088448,5.970166,0.030857,2.841772,-0.043818,1679942807.718487024.pcd
3.319600,-0.110990,5.904809,0.028621,2.812877,-0.045463,1679942807.818580627.pcd
3.247575,-0.106561,5.883024,0.026660,2.773668,-0.057896,1679942807.918662786.pcd
3.175551,-0.102133,5.861239,0.024698,2.734460,-0.070330,1679942808.018737793.pcd
3.103527,-0.097704,5.839455,0.022737,2.695251,-0.082763,1679942808.118837118.pcd
3.031502,-0.093275,5.817670,0.020776,2.656043,-0.095196,1679942808.218904018.pcd
2.981672,-0.099377,5.791067,0.020050,2.648774,-0.095232,1679942808.319001675.pcd
2.931841,-0.105480,5.764464,0.019324,2.641505,-0.095268,1679942808.419078827.pcd
2.882011,-0.111582,5.737861,0.018597,2.634235,-0.095303,1679942808.519169092.pcd
2.832181,-0.117684,5.711259,0.017871,2.626966,-0.095339,1679942808.619247437.pcd
2.782350,-0.123787,5.684656,0.017145,2.619697,-0.095375,1679942808.719319105.pcd
2.732520,-0.129889,5.658053,0.016419,2.612428,-0.095411,1679942808.819424629.pcd
2.689418,-0.131369,5.623389,0.016785,2.620223,-0.095337,1679942808.919505596.pcd
2.646316,-0.132849,5.588726,0.017150,2.628017,-0.095264,1679942809.019599676.pcd
2.603213,-0.134329,5.554062,0.017515,2.635811,-0.095190,1679942809.119677067.pcd
2.560111,-0.135809,5.519398,0.017881,2.643606,-0.095116,1679942809.219762802.pcd
2.517009,-0.137289,5.484735,0.018246,2.651400,-0.095043,1679942809.319869518.pcd
2.473907,-0.138769,5.450071,0.018612,2.659195,-0.094969,1679942809.419917107.pcd
2.416172,-0.150039,5.400362,0.021527,2.681971,-0.094723,1679942809.520020962.pcd
2.358437,-0.161309,5.350653,0.024441,2.704748,-0.094477,1679942809.620085001.pcd
2.300702,-0.172579,5.300944,0.027356,2.727524,-0.094230,1679942809.720961571.pcd
2.242968,-0.183849,5.251234,0.030271,2.750300,-0.093984,1679942809.820254564.pcd
2.185233,-0.195119,5.201525,0.033185,2.773077,-0.093738,1679942809.920329094.pcd
2.127498,-0.206389,5.151816,0.036100,2.795853,-0.093492,1679942810.020426273.pcd
2.061069,-0.207832,5.105481,0.038892,2.826792,-0.091607,1679942810.120509624.pcd
1.994640,-0.209274,5.059147,0.041683,2.857731,-0.089722,1679942810.220589161.pcd
1.928211,-0.210717,5.012812,0.044475,2.888671,-0.087837,1679942810.320680618.pcd
1.861782,-0.212160,4.966477,0.047267,2.919610,-0.085952,1679942810.420754671.pcd
1.785522,-0.213721,4.932477,0.049968,2.956739,-0.083022,1679942810.520854950.pcd
1.709261,-0.215282,4.898478,0.052670,2.993868,-0.080092,1679942810.620936394.pcd
1.633001,-0.216844,4.864478,0.055371,3.030996,-0.077163,1679942810.721027851.pcd
1.556740,-0.218405,4.830478,0.058072,3.068125,-0.074233,1679942810.821118832.pcd
1.483665,-0.232724,4.813141,0.061216,1.543391,-0.070683,1679942810.921182632.pcd
1.410589,-0.247043,4.795805,0.064361,0.018658,-0.067133,1679942811.021276474.pcd
1.337514,-0.261362,4.778468,0.067506,-1.506076,-0.063584,1679942811.121356964.pcd
1.264438,-0.275681,4.761131,0.070650,-3.030810,-0.060034,1679942811.221459389.pcd
1.187510,-0.281259,4.782956,0.071516,-3.008849,-0.058685,1679942811.321536064.pcd
1.110581,-0.286837,4.804781,0.072381,-2.986889,-0.057335,1679942811.421604156.pcd
1.033653,-0.292415,4.826606,0.073246,-2.964928,-0.055986,1679942811.521688461.pcd
0.956725,-0.297993,4.848431,0.074112,-2.942967,-0.054637,1679942811.621778011.pcd
0.903884,-0.305233,4.857921,0.072881,-2.965260,-0.056251,1679942811.721967220.pcd
0.851042,-0.312473,4.867410,0.071649,-2.987552,-0.057865,1679942811.822054863.pcd
0.798201,-0.319713,4.876900,0.070418,-3.009845,-0.059479,1679942811.922135592.pcd
0.745360,-0.326952,4.886390,0.069187,-3.032138,-0.061093,1679942812.022211552.pcd
0.692518,-0.334192,4.895879,0.067955,-3.054430,-0.062707,1679942812.122303009.pcd
0.639677,-0.341432,4.905369,0.066724,-3.076723,-0.064321,1679942812.222386837.pcd
0.574627,-0.345226,4.892494,0.064384,-2.072676,-0.066687,1679942812.322504520.pcd
0.509578,-0.349020,4.879619,0.062045,-1.068629,-0.069052,1679942812.422556877.pcd
0.444528,-0.352815,4.866744,0.059705,-0.064583,-0.071418,1679942812.522635937.pcd
0.379478,-0.356609,4.853868,0.057365,0.939464,-0.073784,1679942812.622721195.pcd
0.314429,-0.360403,4.840993,0.055026,1.943511,-0.076149,1679942812.722809315.pcd
0.249379,-0.364197,4.828118,0.052686,2.947558,-0.078515,1679942812.822892189.pcd
0.192918,-0.373894,4.800377,0.049457,2.909398,-0.079529,1679942812.922970772.pcd
0.136457,-0.383590,4.772636,0.046228,2.871238,-0.080543,1679942813.023070335.pcd
0.079995,-0.393286,4.744895,0.042999,2.833077,-0.081558,1679942813.123157024.pcd
0.023534,-0.402983,4.717153,0.039771,2.794917,-0.082572,1679942813.223234177.pcd
-0.032927,-0.412679,4.689412,0.036542,2.756757,-0.083586,1679942813.323316097.pcd
-0.089388,-0.422376,4.661671,0.033313,2.718597,-0.084600,1679942813.423396587.pcd
-0.129701,-0.427009,4.626616,0.032437,2.712973,-0.085056,1679942813.523491383.pcd
-0.170014,-0.431643,4.591561,0.031562,2.707349,-0.085512,1679942813.623574972.pcd
-0.210326,-0.436276,4.556507,0.030686,2.701725,-0.085969,1679942813.723671198.pcd
-0.250639,-0.440909,4.521452,0.029810,2.696100,-0.086425,1679942813.823751211.pcd
-0.290952,-0.445543,4.486397,0.028935,2.690476,-0.086881,1679942813.923846722.pcd
-0.331265,-0.450176,4.451342,0.028059,2.684852,-0.087337,1679942814.023914099.pcd
-0.396810,-0.456197,4.413764,0.028291,2.687415,-0.087115,1679942814.123993874.pcd
-0.462355,-0.462218,4.376186,0.028524,2.689978,-0.086894,1679942814.224068642.pcd
-0.527900,-0.468240,4.338608,0.028756,2.692542,-0.086672,1679942814.324159622.pcd
-0.593445,-0.474261,4.301030,0.028988,2.695105,-0.086451,1679942814.424248219.pcd
-0.686558,-0.477552,4.255160,0.030260,2.711980,-0.085972,1679942814.524319649.pcd
-0.779672,-0.480844,4.209290,0.031532,2.728854,-0.085493,1679942814.624419212.pcd
-0.872785,-0.484135,4.163419,0.032803,2.745729,-0.085014,1679942814.724501133.pcd
-0.965898,-0.487427,4.117549,0.034075,2.762604,-0.084535,1679942814.824587822.pcd
-1.026256,-0.493256,4.085311,0.036667,2.802618,-0.082607,1679942814.924688578.pcd
-1.086614,-0.499085,4.053073,0.039259,2.842632,-0.080679,1679942815.024773121.pcd
-1.146972,-0.504914,4.020836,0.041851,2.882645,-0.078752,1679942815.124839783.pcd
-1.207330,-0.510742,3.988598,0.044443,2.922659,-0.076824,1679942815.224913836.pcd
-1.267688,-0.516571,3.956360,0.047035,2.962673,-0.074896,1679942815.325004578.pcd
-1.328046,-0.522400,3.924122,0.049627,3.002687,-0.072968,1679942815.425097466.pcd
-1.358084,-0.532620,3.921821,0.051708,2.416860,-0.069811,1679942815.525157928.pcd
-1.388121,-0.542841,3.919520,0.053789,1.831033,-0.066655,1679942815.625436306.pcd
-1.418159,-0.553061,3.917218,0.055871,1.245206,-0.063498,1679942815.725370169.pcd
-1.448196,-0.563281,3.914917,0.057952,0.659379,-0.060341,1679942815.825428247.pcd
-1.478234,-0.573501,3.912616,0.060033,0.073551,-0.057184,1679942815.925500154.pcd
-1.508272,-0.583722,3.910315,0.062114,-0.512276,-0.054028,1679942816.025605202.pcd
-1.538309,-0.593942,3.908014,0.064195,-1.098103,-0.050871,1679942816.125676155.pcd
-1.568347,-0.604162,3.905712,0.066277,-1.683930,-0.047714,1679942816.225776911.pcd
-1.598384,-0.614383,3.903411,0.068358,-2.269757,-0.044558,1679942816.325850010.pcd
-1.628422,-0.624603,3.901110,0.070439,-2.855584,-0.041401,1679942816.425926208.pcd
-1.677783,-0.636680,3.885037,0.071339,-2.822706,-0.039134,1679942816.526023865.pcd
-1.727144,-0.648757,3.868965,0.072238,-2.789829,-0.036867,1679942816.626093864.pcd
-1.776505,-0.660834,3.852892,0.073138,-2.756951,-0.034600,1679942816.726186752.pcd
-1.825866,-0.672911,3.836819,0.074038,-2.724074,-0.032333,1679942816.826264620.pcd
-1.875227,-0.684989,3.820746,0.074937,-2.691196,-0.030066,1679942816.926351547.pcd
-1.924588,-0.697066,3.804673,0.075837,-2.658318,-0.027799,1679942817.026454449.pcd
-1.973949,-0.709143,3.788601,0.076736,-2.625441,-0.025532,1679942817.126535892.pcd
-2.023310,-0.721220,3.772528,0.077636,-2.592563,-0.023265,1679942817.226616383.pcd
-2.077544,-0.718159,3.788203,0.078210,-2.517977,-0.017199,1679942817.326690197.pcd
-2.131777,-0.715099,3.803878,0.078785,-2.443390,-0.011132,1679942817.426785231.pcd
-2.186011,-0.712039,3.819552,0.079359,-2.368804,-0.005066,1679942817.526873112.pcd
-2.240245,-0.708978,3.835227,0.079933,-2.294218,0.001000,1679942817.626942635.pcd
-2.294478,-0.705917,3.850902,0.080508,-2.219631,0.007067,1679942817.727033615.pcd
-2.348712,-0.702857,3.866577,0.081082,-2.145045,0.013133,1679942817.827111244.pcd
-2.348219,-0.701856,3.881840,0.074347,-2.031916,0.014019,1679942817.927200794.pcd
-2.347726,-0.700854,3.897102,0.067611,-1.918786,0.014905,1679942818.027300596.pcd
-2.347234,-0.699853,3.912365,0.060876,-1.805657,0.015790,1679942818.127397060.pcd
-2.346741,-0.698852,3.927628,0.054141,-1.692527,0.016676,1679942818.227443695.pcd
-2.346248,-0.697851,3.942890,0.047406,-1.579398,0.017562,1679942818.327557325.pcd
-2.345755,-0.696849,3.958153,0.040670,-1.466269,0.018448,1679942818.427636862.pcd
-2.345262,-0.695848,3.973416,0.033935,-1.353139,0.019334,1679942818.527716637.pcd
-2.344770,-0.694847,3.988679,0.027200,-1.240010,0.020219,1679942818.627802849.pcd
-2.344277,-0.693846,4.003941,0.020464,-1.126880,0.021105,1679942818.727900028.pcd
-2.343784,-0.692844,4.019204,0.013729,-1.013751,0.021991,1679942818.827963829.pcd
-2.343291,-0.691843,4.034467,0.006994,-0.900622,0.022877,1679942818.928070545.pcd
-2.342798,-0.690842,4.049729,0.000258,-0.787492,0.023763,1679942819.028133154.pcd
-2.342306,-0.689841,4.064992,-0.006477,-0.674363,0.024648,1679942819.128216267.pcd
-2.341813,-0.688840,4.080255,-0.013212,-0.561233,0.025534,1679942819.228301287.pcd
-2.341320,-0.687838,4.095518,-0.019947,-0.448104,0.026420,1679942819.328386784.pcd
-2.340827,-0.686837,4.110780,-0.026683,-0.334975,0.027306,1679942819.428484440.pcd
-2.340334,-0.685836,4.126043,-0.033418,-0.221845,0.028192,1679942819.528548241.pcd
-2.339842,-0.684835,4.141306,-0.040153,-0.108716,0.029077,1679942819.628639698.pcd
-2.339349,-0.683833,4.156568,-0.046889,0.004414,0.029963,1679942819.728730440.pcd
-2.338856,-0.682832,4.171831,-0.053624,0.117543,0.030849,1679942819.828803539.pcd
-2.313949,-0.679879,4.181362,-0.051527,0.254813,0.023723,1679942819.928887367.pcd
-2.289041,-0.676926,4.190894,-0.049431,0.392083,0.016597,1679942820.028980255.pcd
-2.264134,-0.673973,4.200425,-0.047334,0.529354,0.009470,1679942820.129065990.pcd
-2.239227,-0.671020,4.209957,-0.045238,0.666624,0.002344,1679942820.229143858.pcd
-2.214319,-0.668067,4.219488,-0.043141,0.803894,-0.004782,1679942820.329223633.pcd
-2.189412,-0.665115,4.229019,-0.041045,0.941164,-0.011908,1679942820.429314137.pcd
-2.164505,-0.662162,4.238551,-0.038948,1.078434,-0.019035,1679942820.529406548.pcd
-2.139597,-0.659209,4.248082,-0.036852,1.215704,-0.026161,1679942820.629477739.pcd
-2.114690,-0.656256,4.257614,-0.034756,1.352975,-0.033287,1679942820.729564667.pcd
-2.089783,-0.653303,4.267145,-0.032659,1.490245,-0.040414,1679942820.829665661.pcd
-2.064875,-0.650350,4.276677,-0.030563,1.627515,-0.047540,1679942820.929748535.pcd
-2.039968,-0.647397,4.286208,-0.028466,1.764785,-0.054666,1679942821.029825211.pcd
-2.054967,-0.647044,4.267383,-0.027915,1.766543,-0.054953,1679942821.129899979.pcd
-2.069966,-0.646690,4.248559,-0.027364,1.768301,-0.055241,1679942821.229986191.pcd
-2.084966,-0.646337,4.229734,-0.026813,1.770059,-0.055528,1679942821.330071926.pcd
-2.099965,-0.645984,4.210910,-0.026262,1.771817,-0.055815,1679942821.430154324.pcd
-2.114964,-0.645631,4.192085,-0.025711,1.773575,-0.056102,1679942821.530236721.pcd
-2.129963,-0.645277,4.173261,-0.025160,1.775333,-0.056390,1679942821.630341530.pcd
-2.144962,-0.644924,4.154436,-0.024609,1.777091,-0.056677,1679942821.730412722.pcd
-2.159961,-0.644571,4.135612,-0.024058,1.778849,-0.056964,1679942821.830500603.pcd
-2.174961,-0.644217,4.116787,-0.023506,1.780606,-0.057251,1679942821.930582523.pcd
-2.189960,-0.643864,4.097962,-0.022955,1.782364,-0.057539,1679942822.030661821.pcd
-2.204959,-0.643511,4.079138,-0.022404,1.784122,-0.057826,1679942822.130745888.pcd
-2.219958,-0.643158,4.060313,-0.021853,1.785880,-0.058113,1679942822.230830669.pcd
-2.234957,-0.642804,4.041489,-0.021302,1.787638,-0.058401,1679942822.330932140.pcd
-2.249956,-0.642451,4.022664,-0.020751,1.789396,-0.058688,1679942822.431013107.pcd
-2.264956,-0.642098,4.003840,-0.020200,1.791154,-0.058975,1679942822.531089783.pcd
-2.279955,-0.641745,3.985015,-0.019649,1.792912,-0.059262,1679942822.631176233.pcd
-2.294954,-0.641391,3.966191,-0.019098,1.794670,-0.059550,1679942822.731268406.pcd
-2.309953,-0.641038,3.947366,-0.018547,1.796428,-0.059837,1679942822.831340313.pcd
-2.317900,-0.634462,3.880970,-0.020191,1.749344,-0.060102,1679942822.931454659.pcd
-2.325847,-0.627885,3.814574,-0.021835,1.702261,-0.060366,1679942823.031501770.pcd
-2.333794,-0.621309,3.748178,-0.023479,1.655177,-0.060631,1679942823.131589174.pcd
-2.341740,-0.614732,3.681781,-0.025123,1.608093,-0.060895,1679942823.231710434.pcd
-2.349687,-0.608155,3.615385,-0.026767,1.561010,-0.061159,1679942823.331770897.pcd
-2.357634,-0.601579,3.548989,-0.028411,1.513926,-0.061424,1679942823.431846619.pcd
-2.358092,-0.620186,3.498765,-0.033197,1.396277,-0.052629,1679942823.531933308.pcd
-2.358550,-0.638794,3.448540,-0.037983,1.278627,-0.043835,1679942823.632014751.pcd
-2.359007,-0.657401,3.398316,-0.042769,1.160977,-0.035040,1679942823.732107639.pcd
-2.359465,-0.676009,3.348091,-0.047556,1.043328,-0.026245,1679942823.832186699.pcd
-2.359923,-0.694616,3.297866,-0.052342,0.925678,-0.017451,1679942823.932271004.pcd
-2.360381,-0.713224,3.247642,-0.057128,0.808029,-0.008656,1679942824.032359838.pcd
-2.290685,-0.729575,3.211067,-0.056533,0.692825,-0.002045,1679942824.132432938.pcd
-2.220990,-0.745926,3.174491,-0.055938,0.577622,0.004566,1679942824.232529163.pcd
-2.151295,-0.762277,3.137916,-0.055343,0.462418,0.011178,1679942824.332607746.pcd
-2.081599,-0.778628,3.101340,-0.054748,0.347214,0.017789,1679942824.432693243.pcd
